-0.20827
0.52832
-0.30458
1.4012
2.0872
-0.44573
0.6054
-0.82695
-0.15805
-0.80867
0.89749
2.4527
0.36789
2.9933
0.67951
-1.1165
0.1541
-0.10262
-0.19751
-1.7765
-0.23394
-0.22912
0.76735
0.72436
0.26274
0.011829
0.0020879
0.24392
-2.5567
-0.97431
0.6461
1.1555
0.88245
-1.2952
-0.029263
-0.31766
-0.20156
-2.9659
0.56266
-2.3603
0.27271
-0.056775
1.2504
-0.58695
1.248
1.202
0.47583
0.027181
0.52909
-0.5511
-0.75799
0.28199
1.537
0.40126
1.7601
-0.70902
-0.27476
0.22123
0.5251
0.6856
-0.4671
0.22762
-1.441
0.3048
1.3414
1.4889
-0.092656
-0.7688
0.56683
-0.14751
-1.0451
-0.93801
-0.20487
0.33742
-1.0163
-0.025847
-0.64259
0.035241
-0.4461
1.2409
-0.39981
-0.43381
-0.79942
0.51387
-0.72928
0.12267
0.37047
1.562
1.6306
-0.33402
0.89131
0.30542
0.083294
-0.71506
0.46996
-1.1243
1.2858
0.016749
-0.5782
-1.0216
0.30251
1.2879
1.3164
-0.050368
0.51488
-0.17241
0.073652
0.63124
0.805
0.25577
-0.30054
0.25496
-0.029011
0.91301
-0.014562
0.094903
-0.44599
-0.16428
0.16992
-0.68271
-0.41047
0.80229
1.1527
1.0664
1.5969
-0.50927
1.4713
-0.56416
2.1493
0.79741
1.239
1.1602
-1.7942
-0.91621
-1.7076
-0.87694
0.51102
-0.38384
-1.7616
1.1809
-0.33732
-0.33615
-1.445
0.69924
-0.60387
1.0153
0.46581
-1.1213
0.20905
-0.22401
-0.20922
0.43848
-0.032711
-0.83152
-0.19407
0.80913
-1.103
0.43806
0.58823
0.33823
-0.16188
-0.070721
0.80727
1.5294
-0.40879
-2.17
-0.17689
0.38665
1.4351
0.81589
-0.68588
0.11819
0.62079
0.8552
-0.088272
-0.58937
-1.7518
2.1265
1.244
0.43598
1.015
-1.7899
-0.55741
1.7456
1.2375
-0.24722
0.67125
0.07435
-1.6174
-1.3706
1.1335
0.50675
2.2434
-0.63155
1.078
1.323
2.528
-0.15529
-0.67659
-0.21823