0.06352
-1.1504
-2.0842
-1.3349
0.081047
-0.48466
1.0739
0.35231
0.1248
-0.92503
0.63002
-1.7732
-0.36369
0.224
-0.23586
1.3814
1.1936
1.2946
1.381
1.3021
-0.19399
0.17969
0.72545
0.27045
-1.5833
-0.05181
0.16747
-1.4276
0.21542
-0.063749
1.1629
2.3318
0.87234
-0.66273
-0.35016
-0.46153
0.084241
-1.2754
-0.41123
0.21085
0.36601
1.6823
-0.17531
-1.4499
-1.3009
0.23848
-1.3495
1.0217
1.7047
0.67341
1.8794
-0.37007
-0.25154
-0.59565
0.75717
-0.61683
0.67242
0.36293
0.013367
-2.0126
0.35828
1.4335
1.188
-0.88885
0.4681
-0.16238
0.40453
-0.38773
-0.23004
0.70385
0.92359
-0.49137
-1.2495
-0.21452
1.2091
-0.3586
-0.78089
-0.22409
-0.65423
-1.3894
-0.82089
0.95572
0.99271
-0.14455
-0.036396
0.31034
-2.2441
1.0401
-1.8735
-1.4983
-0.608
2.3822
-0.42628
0.23918
-1.28
-0.95443
-1.7692
0.40556
1.1156
0.69969